I
1000 Generated by WorldEditor

1     15 1 0 RJGG CHUBU CENTRAIR INTL
100 60.00 1 1 0.25 1 3 0 18  34.87377376  136.80172183    0   60 3 2 1 1 36  34.84285972  136.80911400    0   60 3 2 1 1
102 H2  34.86635214  136.80845770 348.91 20.00 20.00 2 0 0 0.00 1
102 H1  34.87520918  136.80622523 348.11 20.00 20.00 2 0 0 0.00 1
110 3 0.00 100.0000 New Taxiway 7
111  34.85816551  136.80629406 102
111  34.85803464  136.80642191 102
111  34.85762815  136.80685665 102
111  34.85731329  136.80722999 102
111  34.85723501  136.80742278 102
111  34.85725280  136.80756224 102
111  34.85730742  136.80763461 102
111  34.85742144  136.80766581 102
111  34.85811206  136.80749456 102
111  34.85952461  136.80715764 102
111  34.85961715  136.80708612 102
111  34.85967393  136.80698868 102
111  34.85966097  136.80687043 102
111  34.85958453  136.80678128 102
111  34.85862238  136.80629016 102
111  34.85846363  136.80623052 102
113  34.85827501  136.80616211 102
110 3 0.00 100.0000 New Taxiway 9
111  34.85180061  136.80750679 102
111  34.85166040  136.80757403 102
111  34.85154672  136.80764798 102
111  34.85145934  136.80773683 102
111  34.85136634  136.80783479 102
111  34.85024484  136.80892185 102
111  34.85014044  136.80903718 102
111  34.85011894  136.80923229 102
111  34.85019744  136.80935912 102
111  34.85034285  136.80938228 102
111  34.85213610  136.80894443 102
111  34.85239038  136.80884290 102
111  34.85253323  136.80872649 102
111  34.85274024  136.80855045 102
111  34.85388008  136.80729435 102
111  34.85392875  136.80720611 102
111  34.85392319  136.80710370 102
111  34.85386513  136.80704091 102
113  34.85374390  136.80704068 102
110 3 0.00 100.0000 New Taxiway 8
111  34.85549160  136.80661577 102
111  34.85528185  136.80670999 102
112  34.85515823  136.80681372  34.85511222  136.80684736 102
111  34.85501679  136.80695474 102
112  34.85421211  136.80781813  34.85420291  136.80784055 102
111  34.85392641  136.80813114 102
112  34.85385631  136.80829760  34.85385571  136.80830749 102
112  34.85384444  136.80843836  34.85385456  136.80848810 102
111  34.85392384  136.80851411 102
111  34.85510563  136.80823125 102
111  34.85561873  136.80810384 102
111  34.85580888  136.80799893 102
112  34.85591488  136.80789120  34.85593241  136.80787410 102
111  34.85722140  136.80650022 102
111  34.85732008  136.80636675 102
111  34.85729352  136.80624598 102
113  34.85718688  136.80621634 102
110 3 0.00 100.0000 New Taxiway 6
111  34.85947082  136.80567726 102
111  34.85934832  136.80575611 102
111  34.85932912  136.80589928 102
111  34.85939997  136.80603497 102
112  34.86090961  136.80670542  34.86097034  136.80674243 102
111  34.86104219  136.80674027 102
111  34.86120631  136.80674304 102
111  34.86304865  136.80630264 102
112  34.86315775  136.80621738  34.86319823  136.80619271 102
111  34.86319332  136.80604898 102
112  34.86310161  136.80589218  34.86303233  136.80583398 102
112  34.86283357  136.80577454  34.86280320  136.80576220 102
111  34.86196872  136.80542942 102
111  34.86170050  136.80534925 102
111  34.86142122  136.80527151 102
113  34.86118669  136.80527719 102
110 3 0.00 100.0000 New Taxiway 5
111  34.86327698  136.80475512 102
111  34.86302200  136.80483499 102
111  34.86293415  136.80492367 102
111  34.86294903  136.80504314 102
111  34.86304037  136.80514472 102
112  34.86428857  136.80565081  34.86431579  136.80567379 102
111  34.86451520  136.80574226 102
111  34.86467701  136.80579692 102
111  34.86484972  136.80581215 102
112  34.86504821  136.80581446  34.86507080  136.80581504 102
111  34.86687322  136.80537377 102
112  34.86696080  136.80529338  34.86698154  136.80527652 102
111  34.86697346  136.80515496 102
111  34.86688019  136.80505230 102
111  34.86635113  136.80478943 102
111  34.86562228  136.80440577 102
111  34.86539711  136.80432736 102
113  34.86508785  136.80430940 102
110 3 0.00 100.0000 New Taxiway 4
111  34.86801884  136.80365404 102
111  34.86801884  136.80366936 102
111  34.86788288  136.80364638 102
111  34.86654059  136.80395724 102
111  34.86649284  136.80405769 102
111  34.86654831  136.80415261 102
111  34.86806395  136.80477555 102
111  34.86818407  136.80478784 102
111  34.86825134  136.80471848 102
111  34.86823625  136.80458027 102
111  34.86821124  136.80441358 102
111  34.86817778  136.80415871 102
113  34.86810046  136.80378156 102
110 2 0.00 80.0000 New Taxiway 6
111  34.86414235  136.80848672
111  34.86399086  136.80763531
111  34.84969663  136.81121558
111  34.85027712  136.81401879
111  34.84829416  136.81453724
111  34.84854338  136.81591773
111  34.84958104  136.81568177
111  34.85050788  136.82122479
111  34.85346790  136.82044815
111  34.85267218  136.81595756
111  34.86048140  136.81415165
111  34.86507051  136.81305126
111  34.86471437  136.81065448
111  34.87657092  136.80770693
113  34.87617287  136.80556571
110 3 0.00 100.0000 New Taxiway 28
111  34.87355911  136.80595572 102
111  34.87360819  136.80608948 102
111  34.87368753  136.80614433 102
111  34.87380268  136.80613528 102
111  34.87389185  136.80608370 102
111  34.87394803  136.80599196 102
111  34.87396788  136.80585828 102
111  34.87392915  136.80574079 102
111  34.87385257  136.80566299 102
112  34.87372362  136.80563773  34.87368515  136.80564509 102
112  34.87359992  136.80571738  34.87359563  136.80571738 102
113  34.87355372  136.80582344 102
110 3 0.00 100.0000 New Taxiway 27
111  34.87286893  136.80636336 102
111  34.87296293  136.80631171 102
111  34.87301329  136.80625069 102
111  34.87304842  136.80617406 102
111  34.87304175  136.80605062 102
111  34.87300250  136.80593221 102
111  34.87291440  136.80587907 102
111  34.87279414  136.80587359 102
111  34.86994785  136.80658418 102
111  34.86984420  136.80660714 102
111  34.86971514  136.80666745 102
111  34.86965716  136.80672923 102
111  34.86963421  136.80685000 102
111  34.86966953  136.80701449 102
111  34.86971262  136.80706761 102
111  34.86978911  136.80708058 102
113  34.86988886  136.80708708 102
110 3 0.00 100.0000 New Taxiway 26
111  34.86842187  136.80745310 102
111  34.86850076  136.80740418 102
111  34.86856526  136.80735773 102
111  34.86860360  136.80727972 102
111  34.86862696  136.80720578 102
111  34.86860086  136.80708565 102
111  34.86854408  136.80700640 102
111  34.86845868  136.80697089 102
111  34.86837233  136.80697678 102
111  34.86587551  136.80760247 102
111  34.86575599  136.80766305 102
111  34.86569252  136.80775727 102
111  34.86569612  136.80788617 102
111  34.86574479  136.80800321 102
111  34.86582134  136.80804190 102
113  34.86596229  136.80803882 102
110 3 0.00 100.0000 New Taxiway 25
111  34.86462532  136.80792256 102
111  34.86447554  136.80796037 102
111  34.86418852  136.80802737 102
111  34.86410312  136.80808113 102
111  34.86408922  136.80814454 102
111  34.86408638  136.80821476 102
111  34.86412895  136.80843256 102
111  34.86419129  136.80846440 102
111  34.86429738  136.80844789 102
111  34.86442795  136.80841669 102
111  34.86462363  136.80837714 102
111  34.86478815  136.80830051 102
111  34.86484453  136.80821077 102
111  34.86485288  136.80809368 102
111  34.86482247  136.80797320 102
113  34.86472992  136.80791126 102
110 3 0.00 100.0000 New Taxiway 24
111  34.87336278  136.80496285 102
111  34.87342210  136.80504376 102
112  34.87351233  136.80508380  34.87354893  136.80508802 102
111  34.87362731  136.80507047 102
111  34.87370282  136.80502063 102
111  34.87377694  136.80491788 102
112  34.87377964  136.80473178  34.87377019  136.80467998 102
112  34.87369969  136.80455997  34.87368562  136.80454413 102
111  34.87359082  136.80452448 102
111  34.87344942  136.80454402 102
111  34.87334630  136.80466571 102
113  34.87333554  136.80480499 102
110 3 0.00 100.0000 New Taxiway 23
111  34.87284372  136.80516735 102
111  34.87286679  136.80502895 102
111  34.87284150  136.80488980 102
111  34.87277954  136.80480173 102
111  34.87270266  136.80476153 102
111  34.87263652  136.80475407 102
111  34.87254511  136.80475628 102
111  34.86970295  136.80543320 102
111  34.86953357  136.80549338 102
111  34.86942396  136.80555252 102
111  34.86935402  136.80565280 102
111  34.86931792  136.80575828 102
111  34.86932812  136.80588623 102
111  34.86936301  136.80596786 102
111  34.86942605  136.80601602 102
111  34.86952563  136.80602723 102
111  34.86972984  136.80599402 102
111  34.87265330  136.80529646 102
113  34.87277208  136.80524352 102
110 3 0.00 100.0000 New Taxiway 22
111  34.87293792  136.80274622 102
111  34.87308598  136.80362274 102
111  34.87312216  136.80374223 102
111  34.87319828  136.80381674 102
111  34.87328677  136.80381596 102
111  34.87340629  136.80378746 102
111  34.87349210  136.80373690 102
111  34.87354047  136.80369254 102
111  34.87357418  136.80361682 102
111  34.87358857  136.80349837 102
111  34.87354941  136.80329190 102
111  34.87348225  136.80288211 102
111  34.87342228  136.80257011 102
111  34.87340827  136.80248213 102
111  34.87337640  136.80240466 102
111  34.87334727  136.80236523 102
111  34.87328177  136.80234703 102
111  34.87311905  136.80238017 102
111  34.87297647  136.80242249 102
111  34.87294006  136.80244695 102
111  34.87291973  136.80247853 102
111  34.87290151  136.80252642 102
113  34.87290518  136.80258813 102
110 3 0.00 100.0000 New Taxiway 21
111  34.86932232  136.80328187 102
111  34.86913001  136.80338056 102
111  34.86898831  136.80347925 102
111  34.86890397  136.80362153 102
112  34.86888438  136.80379751  34.86887966  136.80382136 102
111  34.86888573  136.80397022 102
111  34.86899029  136.80454825 102
111  34.86903891  136.80467586 102
112  34.86916824  136.80475537  34.86917836  136.80475537 102
111  34.86935265  136.80478610 102
111  34.86952276  136.80474733 102
111  34.87240126  136.80402884 102
111  34.87251387  136.80397793 102
111  34.87258384  136.80389063 102
111  34.87262307  136.80377237 102
111  34.87264477  136.80361650 102
111  34.87260866  136.80338948 102
111  34.87249809  136.80282954 102
111  34.87244969  136.80269976 102
111  34.87233305  136.80262122 102
113  34.87219211  136.80260371 102
110 3 0.00 100.0000 New Taxiway 20
111  34.86812312  136.80636959 102
111  34.86825018  136.80632152 102
111  34.86834239  136.80621905 102
111  34.86836070  136.80605849 102
111  34.86832513  136.80592356 102
111  34.86825127  136.80583616 102
111  34.86816161  136.80581960 102
111  34.86802676  136.80583957 102
111  34.86559735  136.80641525 102
111  34.86547210  136.80647522 102
111  34.86540089  136.80657717 102
111  34.86538031  136.80672351 102
111  34.86540584  136.80685223 102
111  34.86546721  136.80693760 102
111  34.86556801  136.80695941 102
113  34.86567235  136.80695180 102
110 3 0.00 100.0000 New Taxiway 19
111  34.84400628  136.81196505 102
111  34.84409858  136.81202316 102
112  34.84417753  136.81203209  34.84419315  136.81202862 102
111  34.84425821  136.81199964 102
111  34.84430741  136.81194502 102
111  34.84435146  136.81181623 102
111  34.84432403  136.81165761 102
112  34.84423259  136.81154759  34.84421350  136.81153154 102
111  34.84410341  136.81153059 102
111  34.84399686  136.81161516 102
111  34.84395135  136.81174456 102
113  34.84395824  136.81184567 102
110 3 0.00 100.0000 New Taxiway 18
111  34.86193724  136.80763021 102
111  34.86197767  136.80771927 102
111  34.86204888  136.80778807 102
111  34.86220641  136.80777106 102
111  34.86245832  136.80771733 102
111  34.86437318  136.80725499 102
111  34.86452318  136.80718778 102
111  34.86457879  136.80710928 102
111  34.86459899  136.80698810 102
111  34.86456209  136.80684924 102
111  34.86448614  136.80675717 102
111  34.86436655  136.80672474 102
111  34.86420714  136.80674663 102
111  34.86239503  136.80717959 102
111  34.86217416  136.80723162 102
111  34.86203284  136.80728350 102
111  34.86195539  136.80736292 102
113  34.86192247  136.80748263 102
110 3 0.00 100.0000 New Taxiway 17
111  34.86088235  136.80796482 102
111  34.86094662  136.80802271 102
111  34.86105030  136.80804353 102
111  34.86118579  136.80800946 102
111  34.86129659  136.80792964 102
111  34.86133889  136.80781769 102
112  34.86132811  136.80764881  34.86131290  136.80761174 102
111  34.86126137  136.80754712 102
111  34.86115981  136.80748309 102
111  34.86099001  136.80751430 102
111  34.86086399  136.80758242 102
114  34.86081693  136.80774931  34.86081693  136.80775858 102
110 3 0.00 100.0000 New Taxiway 16
111  34.85625545  136.80917764 102
111  34.86006013  136.80828166 102
111  34.86020182  136.80819041 102
111  34.86025074  136.80809455 102
111  34.86024928  136.80798218 102
111  34.86022233  136.80787458 102
111  34.86012604  136.80776357 102
111  34.85997000  136.80775078 102
111  34.85619115  136.80865388 102
111  34.85607199  136.80871082 102
111  34.85601000  136.80876850 102
111  34.85595538  136.80887608 102
111  34.85595291  136.80897300 102
111  34.85598319  136.80908466 102
111  34.85604350  136.80915791 102
113  34.85613154  136.80918646 102
110 3 0.00 100.0000 New Taxiway 15
111  34.85473716  136.80900050 102
111  34.85350677  136.80929467 102
111  34.85336433  136.80936361 102
111  34.85328385  136.80951810 102
111  34.85330247  136.80968921 102
111  34.85340639  136.80980194 102
111  34.85355238  136.80981867 102
111  34.85481039  136.80951581 102
111  34.85490957  136.80946791 102
111  34.85496191  136.80940723 102
111  34.85499271  136.80932580 102
111  34.85498786  136.80921756 102
111  34.85496562  136.80913403 102
111  34.85492353  136.80905385 102
113  34.85485486  136.80901023 102
110 3 0.00 100.0000 New Taxiway 14
111  34.84975119  136.81018917 102
111  34.84965112  136.81027684 102
111  34.84960467  136.81038795 102
111  34.84961403  136.81053706 102
111  34.84967375  136.81062860 102
111  34.84980444  136.81070109 102
111  34.85037478  136.81056833 102
111  34.85194981  136.81019673 102
111  34.85209390  136.81013493 102
111  34.85215213  136.81003640 102
111  34.85215213  136.80991279 102
111  34.85210687  136.80976216 102
111  34.85201043  136.80967845 102
111  34.85187635  136.80967831 102
113  34.85023309  136.81007334 102
110 3 0.00 100.0000 New Taxiway 13
111  34.84518457  136.81127923 102
111  34.84507136  136.81133169 102
112  34.84499986  136.81142942  34.84499986  136.81144064 102
111  34.84500017  136.81158410 102
111  34.84503071  136.81169515 102
111  34.84511899  136.81178581 102
111  34.84527064  136.81177182 102
111  34.84846284  136.81101461 102
111  34.84858030  136.81094886 102
111  34.84862794  136.81084340 102
111  34.84862876  136.81071905 102
112  34.84857661  136.81058947  34.84856279  136.81057262 102
111  34.84849725  136.81052768 102
113  34.84837732  136.81051343 102
110 3 0.00 100.0000 New Taxiway 12
111  34.84362177  136.80949872 102
111  34.84349289  136.80954405 102
111  34.84340373  136.80965584 102
111  34.84340699  136.80983625 102
111  34.84349179  136.81037946 102
111  34.84358402  136.81087471 102
112  34.84364765  136.81092038  34.84365669  136.81094315 102
111  34.84378383  136.81096967 102
111  34.84402841  136.81091462 102
111  34.84418554  136.81083168 102
111  34.84424017  136.81069044 102
111  34.84424192  136.81053803 102
111  34.84409640  136.80967648 102
111  34.84404010  136.80954549 102
111  34.84395872  136.80947007 102
113  34.84385678  136.80944243 102
110 3 0.00 0.0000 New Taxiway 11
111  34.84481394  136.80918845 102
111  34.84464504  136.80929794 102
111  34.84458468  136.80939127 102
111  34.84458487  136.80955923 102
111  34.84460957  136.80971570 102
111  34.84464615  136.80990864 102
111  34.84468117  136.81012007 102
111  34.84470711  136.81027842 102
111  34.84473074  136.81045296 102
111  34.84476473  136.81054596 102
111  34.84481319  136.81062946 102
111  34.84490377  136.81066865 102
111  34.84506515  136.81066363 102
111  34.84810721  136.80992086 102
111  34.84827443  136.80988528 102
111  34.84837534  136.80980471 102
111  34.84842290  136.80972235 102
111  34.84846408  136.80961108 102
111  34.84847494  136.80945762 102
111  34.84844270  136.80927091 102
111  34.84834480  136.80890341 102
111  34.84828227  136.80864181 102
111  34.84824454  136.80854682 102
111  34.84817752  136.80847004 102
111  34.84809921  136.80843127 102
113  34.84798734  136.80842788 102
110 3 0.00 0.0000 New Taxiway 10
111  34.84948158  136.80807040 102
111  34.84898912  136.80819260 102
111  34.84893854  136.80822926 102
111  34.84889204  136.80828417 102
111  34.84886417  136.80835435 102
111  34.84886521  136.80842753 102
111  34.84888534  136.80854177 102
111  34.84900478  136.80897168 102
112  34.84904599  136.80909645  34.84905519  136.80911888 102
112  34.84913096  136.80916254  34.84914016  136.80916254 102
111  34.84921455  136.80913926 102
111  34.84931350  136.80906364 102
111  34.85025650  136.80814662 102
111  34.85030695  136.80806808 102
111  34.85029136  136.80794839 102
113  34.85019919  136.80789611 102
110 2 0.00 80.0000 New Taxiway 3
111  34.84278102  136.80864196
111  34.84340472  136.81254141
111  34.84374245  136.81278734
111  34.84407015  136.81270377
111  34.84749284  136.81188487
111  34.84801502  136.81462990
111  34.85028111  136.81403594
111  34.84969882  136.81122663
111  34.86397546  136.80766046
111  34.86413135  136.80849299
111  34.87447887  136.80599326
111  34.87369764  136.80125592
114  34.85745635  136.80522570  34.85718616  136.80529473
110 3 0.00 0.0000 New Taxiway 5
111  34.87488839  136.79997309
111  34.87339032  136.80030929
111  34.87080775  136.80094863
111  34.85709353  136.80427321
111  34.84502847  136.80712705
111  34.84141705  136.80805645
111  34.84068360  136.80850882
111  34.84034831  136.80906154
111  34.84045196  136.81024767
111  34.84086914  136.81271258
111  34.84105322  136.81369803
111  34.84717733  136.81222072
111  34.84788860  136.81609099
111  34.84853230  136.81592679
111  34.84830052  136.81454819
111  34.85027466  136.81401676
111  34.84981725  136.81114206
111  34.86399653  136.80764281
111  34.86413663  136.80848663
111  34.87616664  136.80556289
111  34.87659820  136.80775527
111  34.87718776  136.80737104
111  34.87755050  136.80680699
111  34.87766868  136.80602743
111  34.87755547  136.80515288
111  34.87740525  136.80411808
111  34.87723335  136.80293190
111  34.87684933  136.80117385
111  34.87663902  136.80050249
111  34.87618739  136.79998720
113  34.87556692  136.79985070
120 Linear Feature 6
111  34.85543840  136.81191119 1
111  34.85559788  136.81198711 1
111  34.85579724  136.81194156 1
115  34.85592931  136.81184135
120 Linear Feature 5
111  34.85543113  136.81190713 1
111  34.85556392  136.81176319 1
111  34.85574732  136.81169289 1
115  34.85589848  136.81170136
120 Linear Feature 4
111  34.85531335  136.81131186 1
111  34.85548779  136.81138639 1
111  34.85569167  136.81134222 1
115  34.85582306  136.81125941
120 Linear Feature 3
111  34.85531315  136.81130762 1
112  34.85544933  136.81114380  34.85545669  136.81113965 1
111  34.85564519  136.81107725 1
115  34.85579160  136.81108153
120 Linear Feature 2
111  34.85520025  136.81065161 1
111  34.85539133  136.81074465 1
111  34.85557043  136.81069573 1
115  34.85570916  136.81060290
120 Linear Feature 1
111  34.85519826  136.81065320 1
111  34.85534797  136.81047872 1
111  34.85552838  136.81041912 1
115  34.85567860  136.81044299
120 Linear Feature 27
111  34.85069082  136.81185748 1
111  34.85053069  136.81178436 1
111  34.85035308  136.81180980 1
115  34.85020992  136.81190157
120 Linear Feature 26
111  34.85068576  136.81186269 1
111  34.85057023  136.81200899 1
111  34.85039353  136.81208353 1
115  34.85024442  136.81209061
120 Linear Feature 25
111  34.85084204  136.81252010 1
111  34.85067067  136.81245737 1
111  34.85048370  136.81248999 1
115  34.85034131  136.81256823
120 Linear Feature 24
111  34.85083567  136.81252253 1
111  34.85071315  136.81266872 1
111  34.85053708  136.81274732 1
115  34.85037655  136.81274532
120 Linear Feature 23
111  34.85093868  136.81313910 1
111  34.85076539  136.81308496 1
111  34.85061187  136.81310683 1
115  34.85046611  136.81319853
120 Linear Feature 22
111  34.85051332  136.81338478 1
111  34.85066178  136.81337702 1
111  34.85081081  136.81330174 1
115  34.85093625  136.81314547
120 Linear Feature 21
111  34.85238784  136.81138993 1
115  34.85174296  136.81158147
120 Linear Feature 20
111  34.85253473  136.81204149 1
115  34.85185314  136.81224197
120 Linear Feature 41
111  34.87394287  136.80655461 51 101
115  34.87608487  136.80600120
120 Linear Feature 19
111  34.85262909  136.81265073 1
115  34.85196985  136.81284238
120 Linear Feature 43
111  34.85437916  136.81216899 1
115  34.85380004  136.81232506
120 Linear Feature 42
111  34.85413403  136.81090226 1
115  34.85354256  136.81106756
120 Linear Feature 46
111  34.85543501  136.81190758 1
115  34.85500334  136.81203223
120 Linear Feature 45
111  34.85531246  136.81130925 1
115  34.85489754  136.81142172
120 Linear Feature 44
111  34.85519508  136.81064765 1
115  34.85474957  136.81076930
120 Linear Feature 41
111  34.85425304  136.81154443 1
115  34.85369477  136.81170798
120 Linear Feature 31
111  34.86826551  136.80693068 1
111  34.86843315  136.80689424 1
111  34.86855343  136.80692139 1
111  34.86862915  136.80699740 1
111  34.86868694  136.80714028 1
111  34.86867029  136.80728833 1
111  34.86860814  136.80740533 1
112  34.86852504  136.80746932  34.86852058  136.80746932 1
111  34.86846351  136.80750702 1
111  34.86832397  136.80754274 1
111  34.86609060  136.80806632 1
111  34.86596237  136.80809783 1
111  34.86582729  136.80810155 1
111  34.86571690  136.80803775 1
111  34.86565536  136.80790352 1
111  34.86564385  136.80774362 1
111  34.86571159  136.80764112 1
111  34.86583886  136.80756411 1
111  34.86603311  136.80750158 1
115  34.86826965  136.80693129
120 Linear Feature 34
111  34.87348487  136.80592173 1
111  34.87349402  136.80574257 1
112  34.87359668  136.80560242  34.87360291  136.80559989 1
111  34.87374269  136.80554552 1
112  34.87385496  136.80555784  34.87386535  136.80556290 1
112  34.87395236  136.80562955  34.87396690  136.80564488 1
112  34.87400880  136.80575907  34.87401503  136.80577426 1
111  34.87403581  136.80587490 1
111  34.87402030  136.80600593 1
111  34.87395669  136.80613122 1
112  34.87384999  136.80620862  34.87384584  136.80620862 1
112  34.87373540  136.80622543  34.87369926  136.80622716 1
112  34.87360368  136.80620028  34.87358325  136.80617779 1
112  34.87354874  136.80613683  34.87352461  136.80609371 1
111  34.87350271  136.80601556 1
115  34.87348515  136.80592292
120 Linear Feature 33
111  34.87383157  136.80469468 1
111  34.87385123  136.80482935 1
112  34.87382633  136.80494397  34.87382357  136.80494734 1
112  34.87374427  136.80506343  34.87371311  136.80509803 1
112  34.87364932  136.80512602  34.87364378  136.80512602 1
111  34.87348282  136.80513579 1
112  34.87335790  136.80505179  34.87335237  136.80504167 1
111  34.87329488  136.80489288 1
112  34.87328299  136.80470037  34.87328479  136.80469818 1
112  34.87333720  136.80457313  34.87334826  136.80455965 1
112  34.87346041  136.80447387  34.87348253  136.80447050 1
112  34.87358526  136.80446175  34.87362122  136.80446148 1
112  34.87370506  136.80449958  34.87375031  136.80453721 1
111  34.87378532  136.80459116 1
115  34.87383078  136.80469474
120 Linear Feature 35
111  34.87275645  136.80581495 1
111  34.87288585  136.80580038 1
111  34.87299626  136.80583292 1
112  34.87306714  136.80594347  34.87307030  136.80595279 1
111  34.87310947  136.80609089 1
112  34.87309123  136.80625404  34.87308424  136.80627942 1
112  34.87301651  136.80635075  34.87301246  136.80635568 1
111  34.87295065  136.80640255 1
111  34.87284696  136.80644203 1
111  34.86991089  136.80714109 1
111  34.86979031  136.80715132 1
111  34.86968785  136.80711851 1
111  34.86961307  136.80701474 1
111  34.86957498  136.80683986 1
111  34.86960210  136.80669744 1
111  34.86968944  136.80660561 1
111  34.86980167  136.80655691 1
115  34.87275453  136.80581486
120 Linear Feature 32
111  34.87252955  136.80468345 1
111  34.87269044  136.80467716 1
111  34.87282876  136.80474092 1
111  34.87290803  136.80486994 1
111  34.87293162  136.80503120 1
111  34.87290063  136.80518879 1
111  34.87279834  136.80529676 1
111  34.87266136  136.80534864 1
111  34.86971586  136.80606490 1
111  34.86958612  136.80608246 1
111  34.86944367  136.80608538 1
111  34.86933073  136.80602470 1
111  34.86927103  136.80591633 1
112  34.86925239  136.80577787  34.86925171  136.80575696 1
111  34.86928506  136.80565196 1
112  34.86935042  136.80554319  34.86935694  136.80553525 1
112  34.86947734  136.80544655  34.86949038  136.80543860 1
111  34.86962497  136.80540323 1
115  34.87253068  136.80468345
120 Linear Feature 30
111  34.86561879  136.80634901 1
111  34.86803669  136.80577694 1
111  34.86817956  136.80575104 1
111  34.86828029  136.80577400 1
111  34.86836702  136.80584915 1
111  34.86840266  136.80595230 1
111  34.86841806  136.80603655 1
111  34.86842048  136.80614964 1
111  34.86839219  136.80625410 1
111  34.86833810  136.80632717 1
111  34.86822523  136.80639703 1
111  34.86573034  136.80699108 1
111  34.86558736  136.80701948 1
111  34.86547434  136.80700439 1
111  34.86537658  136.80691526 1
111  34.86533732  136.80677930 1
111  34.86533370  136.80661965 1
111  34.86539322  136.80648124 1
111  34.86549469  136.80639241 1
115  34.86561678  136.80634893
120 Linear Feature 29
111  34.86455013  136.80788848 1
111  34.86466269  136.80786484 1
112  34.86476141  136.80786778  34.86478388  136.80788093 1
112  34.86483852  136.80794310  34.86484405  136.80794985 1
112  34.86488336  136.80803909  34.86488613  136.80804921 1
111  34.86489275  136.80818309 1
111  34.86486120  136.80826962 1
111  34.86480798  136.80833420 1
112  34.86474996  136.80837120  34.86474443  136.80837457 1
112  34.86459241  136.80842363  34.86458688  136.80842363 1
112  34.86447242  136.80845087  34.86444695  136.80845606 1
111  34.86434761  136.80848500 1
112  34.86423784  136.80850624  34.86423507  136.80850624 1
112  34.86415893  136.80850388  34.86415340  136.80850388 1
112  34.86410738  136.80846463  34.86410462  136.80846126 1
112  34.86408233  136.80839306  34.86407902  136.80838147 1
112  34.86406217  136.80827476  34.86405754  136.80824945 1
112  34.86404858  136.80815589  34.86404770  136.80814392 1
111  34.86407188  136.80806306 1
112  34.86411915  136.80801505  34.86412829  136.80800918 1
112  34.86420412  136.80797700  34.86423178  136.80797363 1
115  34.86454839  136.80788858
120 Linear Feature 28
111  34.86420318  136.80669296 1
111  34.86436852  136.80666681 1
111  34.86451782  136.80670677 1
112  34.86460855  136.80682732  34.86461394  136.80684046 1
111  34.86464581  136.80699096 1
111  34.86462179  136.80714735 1
111  34.86453259  136.80723959 1
111  34.86438161  136.80730398 1
111  34.86220139  136.80783140 1
111  34.86204853  136.80784173 1
111  34.86194355  136.80776133 1
111  34.86189409  136.80763204 1
111  34.86188222  136.80751148 1
111  34.86190909  136.80735248 1
111  34.86197671  136.80726518 1
111  34.86205858  136.80721671 1
111  34.86214251  136.80718596 1
115  34.86420303  136.80669178
120 Linear Feature 27
111  34.86105583  136.80744171 1
111  34.86118197  136.80742845 1
111  34.86129278  136.80749758 1
112  34.86135334  136.80757222  34.86135702  136.80758568 1
111  34.86139394  136.80769912 1
111  34.86138785  136.80783579 1
111  34.86134010  136.80795685 1
111  34.86126640  136.80803333 1
112  34.86114787  136.80808238  34.86112014  136.80808866 1
111  34.86102197  136.80809763 1
111  34.86090342  136.80806443 1
111  34.86082636  136.80797740 1
111  34.86078440  136.80785208 1
112  34.86077826  136.80768488  34.86078562  136.80766244 1
112  34.86084502  136.80753831  34.86084870  136.80753831 1
111  34.86095987  136.80747461 1
115  34.86105561  136.80744069
120 Linear Feature 26
111  34.85852417  136.80803562 1
111  34.85996069  136.80769179 1
111  34.86011105  136.80770100 1
111  34.86020919  136.80775389 1
112  34.86028111  136.80787667  34.86028111  136.80788461 1
111  34.86030720  136.80801764 1
111  34.86028952  136.80814837 1
111  34.86022516  136.80823788 1
111  34.86013075  136.80830124 1
111  34.86005028  136.80832969 1
111  34.85632165  136.80922304 1
111  34.85623185  136.80923915 1
111  34.85611542  136.80924589 1
111  34.85600729  136.80920692 1
111  34.85593443  136.80911423 1
111  34.85589182  136.80897983 1
111  34.85591438  136.80883584 1
111  34.85599156  136.80871619 1
111  34.85609018  136.80863276 1
113  34.85618448  136.80859780 1
120 Linear Feature 25
112  34.85390390  136.80916392  34.85392262  136.80915963 1
111  34.85471287  136.80895006 1
111  34.85483411  136.80893572 1
111  34.85495004  136.80898970 1
112  34.85502086  136.80909059  34.85502086  136.80909657 1
111  34.85505298  136.80922405 1
111  34.85504369  136.80934648 1
111  34.85500818  136.80942651 1
111  34.85493518  136.80950413 1
111  34.85484946  136.80955430 1
111  34.85477328  136.80957787 1
111  34.85359795  136.80985943 1
111  34.85348794  136.80986593 1
111  34.85339931  136.80984749 1
111  34.85333098  136.80980490 1
111  34.85326459  136.80971343 1
111  34.85324273  136.80960865 1
111  34.85324785  136.80946804 1
111  34.85333523  136.80933065 1
111  34.85349148  136.80925900 1
115  34.85390573  136.80916379
120 Linear Feature 24
112  34.85101508  136.80984287  34.85102225  136.80984287 1
111  34.85187932  136.80963369 1
111  34.85203749  136.80963459 1
111  34.85217326  136.80974726 1
111  34.85222179  136.80992234 1
112  34.85218271  136.81011008  34.85217553  136.81011008 1
111  34.85205887  136.81021661 1
111  34.84984900  136.81074941 1
111  34.84971268  136.81073057 1
111  34.84961397  136.81064569 1
111  34.84955456  136.81048749 1
111  34.84957269  136.81030817 1
112  34.84963675  136.81019686  34.84964393  136.81019686 1
111  34.84974367  136.81013883 1
115  34.85101325  136.80984078
120 Linear Feature 22
111  34.84525376  136.81119457 1
111  34.84831199  136.81046137 1
111  34.84845304  136.81045383 1
111  34.84853565  136.81048785 1
111  34.84860291  136.81054990 1
111  34.84864763  136.81065273 1
112  34.84866877  136.81074291  34.84866877  136.81076534 1
111  34.84866423  136.81084931 1
112  34.84863100  136.81094676  34.84861880  136.81096751 1
111  34.84854518  136.81102600 1
111  34.84847186  136.81105426 1
111  34.84552411  136.81178578 1
111  34.84526507  136.81184575 1
111  34.84514649  136.81185889 1
111  34.84507277  136.81183332 1
111  34.84498283  136.81174140 1
111  34.84492920  136.81159624 1
111  34.84492748  136.81144727 1
111  34.84500516  136.81131314 1
111  34.84513025  136.81124030 1
115  34.84525158  136.81119536
120 Linear Feature 21
111  34.84433447  136.81155357 1
111  34.84438929  136.81168137 1
111  34.84440406  136.81183824 1
111  34.84436846  136.81196059 1
112  34.84430498  136.81202625  34.84430221  136.81202625 1
112  34.84421179  136.81207827  34.84420625  136.81207827 1
111  34.84409241  136.81208795 1
112  34.84400314  136.81203349  34.84398043  136.81202017 1
112  34.84393233  136.81192423  34.84391574  136.81188716 1
112  34.84390364  136.81173607  34.84390791  136.81171922 1
112  34.84395583  136.81158860  34.84396476  136.81157614 1
112  34.84405093  136.81149371  34.84406476  136.81148360 1
112  34.84413631  136.81145157  34.84414184  136.81145157 1
112  34.84423585  136.81146951  34.84426351  136.81147288 1
115  34.84433567  136.81155058
120 Linear Feature 20
111  34.84384585  136.80939162 1
111  34.84397080  136.80941578 1
111  34.84404411  136.80947103 1
111  34.84410201  136.80956844 1
111  34.84413662  136.80971519 1
111  34.84428905  136.81056320 1
111  34.84428254  136.81070600 1
111  34.84423997  136.81082008 1
111  34.84419358  136.81088363 1
111  34.84409898  136.81093147 1
111  34.84393682  136.81098204 1
111  34.84380068  136.81101341 1
111  34.84370144  136.81100691 1
111  34.84361939  136.81095781 1
111  34.84354982  136.81086794 1
111  34.84351701  136.81074758 1
111  34.84334500  136.80977116 1
111  34.84335961  136.80965160 1
111  34.84342347  136.80953931 1
111  34.84349354  136.80948961 1
115  34.84384610  136.80939360
120 Linear Feature 19
111  34.84797482  136.80837872 1
111  34.84808728  136.80837461 1
112  34.84819504  136.80842024  34.84819808  136.80842395 1
112  34.84828457  136.80852470  34.84828457  136.80853582 1
111  34.84831774  136.80862958 1
111  34.84851720  136.80939094 1
111  34.84852108  136.80948357 1
112  34.84851610  136.80957412  34.84851289  136.80960105 1
112  34.84847610  136.80970182  34.84845816  136.80975821 1
112  34.84842778  136.80979563  34.84842169  136.80980675 1
112  34.84838216  136.80985141  34.84836294  136.80986682 1
112  34.84828239  136.80992417  34.84826221  136.80993099 1
112  34.84820316  136.80994833  34.84818491  136.80995204 1
112  34.84808590  136.80997717  34.84807677  136.80997888 1
111  34.84506800  136.81071777 1
111  34.84490816  136.81073039 1
111  34.84479928  136.81068904 1
112  34.84474576  136.81060517  34.84474037  136.81059617 1
111  34.84469369  136.81046988 1
111  34.84467780  136.81036971 1
111  34.84454254  136.80955387 1
111  34.84454545  136.80937051 1
111  34.84461927  136.80924785 1
111  34.84480303  136.80913824 1
111  34.84606314  136.80882287 1
115  34.84797425  136.80837872
120 Linear Feature 18
111  34.85070170  136.80774143 1
111  34.85044239  136.80798800 1
111  34.84924970  136.80917749 1
111  34.84917695  136.80920322 1
111  34.84910040  136.80919911 1
111  34.84903623  136.80914251 1
112  34.84899257  136.80905869  34.84898578  136.80903662 1
111  34.84882913  136.80843455 1
111  34.84883852  136.80832444 1
111  34.84887610  136.80825317 1
111  34.84893913  136.80818022 1
111  34.84898495  136.80815191 1
115  34.85070189  136.80773972
120 Linear Feature 17
111  34.85373217  136.80698320 1
111  34.85382952  136.80697635 1
111  34.85390152  136.80698884 1
111  34.85396344  136.80706800 1
112  34.85398469  136.80717969  34.85398469  136.80718711 1
111  34.85393454  136.80731375 1
111  34.85385665  136.80740516 1
111  34.85353899  136.80776388 1
111  34.85276718  136.80860606 1
111  34.85261805  136.80873614 1
112  34.85248819  136.80884847  34.85248280  136.80885504 1
112  34.85236008  136.80892028  34.85233923  136.80893152 1
112  34.85214656  136.80900689  34.85213578  136.80900689 1
111  34.85190651  136.80906341 1
111  34.85037618  136.80943817 1
111  34.85025619  136.80943878 1
111  34.85017009  136.80939920 1
111  34.85009368  136.80929663 1
111  34.85007447  136.80914695 1
111  34.85010812  136.80900358 1
111  34.85018804  136.80891454 1
111  34.85141687  136.80771760 1
111  34.85150454  136.80763242 1
112  34.85163778  136.80753282  34.85166150  136.80751950 1
111  34.85177375  136.80747009 1
115  34.85373197  136.80698269
120 Linear Feature 16
111  34.85712762  136.80616765 1
111  34.85723121  136.80615314 1
111  34.85732106  136.80618613 1
111  34.85737147  136.80627952 1
111  34.85736726  136.80639364 1
111  34.85727278  136.80652062 1
111  34.85596471  136.80792514 1
111  34.85587953  136.80800218 1
111  34.85581701  136.80805905 1
111  34.85571435  136.80811608 1
111  34.85560703  136.80816329 1
111  34.85549285  136.80819451 1
111  34.85395908  136.80857850 1
111  34.85386160  136.80856761 1
111  34.85379295  136.80848604 1
111  34.85378816  136.80833504 1
111  34.85382386  136.80821249 1
111  34.85389660  136.80809458 1
111  34.85505660  136.80683041 1
111  34.85519471  136.80671120 1
111  34.85535395  136.80661513 1
111  34.85550453  136.80655914 1
115  34.85712757  136.80616982
120 Linear Feature 15
111  34.85827772  136.80608223 1
111  34.85962328  136.80674590 1
111  34.85967556  136.80681933 1
111  34.85970516  136.80691819 1
111  34.85969968  136.80701078 1
111  34.85965611  136.80710276 1
111  34.85958245  136.80716096 1
111  34.85952395  136.80719975 1
111  34.85742123  136.80771767 1
111  34.85731860  136.80769537 1
111  34.85724574  136.80762424 1
111  34.85719396  136.80749856 1
111  34.85719938  136.80736835 1
111  34.85729246  136.80719668 1
115  34.85827520  136.80608567
120 Linear Feature 14
111  34.86103077  136.80524028 1
111  34.86120004  136.80520228 1
111  34.86140495  136.80519142 1
111  34.86159649  136.80519685 1
111  34.86176131  136.80525114 1
111  34.86300089  136.80576012 1
111  34.86314155  136.80584829 1
112  34.86322644  136.80595752  34.86322644  136.80596294 1
111  34.86325559  136.80609653 1
111  34.86324020  136.80620115 1
111  34.86320011  136.80627715 1
111  34.86310211  136.80634773 1
111  34.86303529  136.80636944 1
111  34.86130695  136.80679287 1
111  34.86117331  136.80680916 1
111  34.86105750  136.80680916 1
111  34.86093723  136.80679287 1
111  34.86083032  136.80673859 1
111  34.85938185  136.80608596 1
111  34.85930268  136.80599503 1
111  34.85927911  136.80587379 1
111  34.85928729  136.80577123 1
111  34.85934243  136.80567626 1
111  34.85943198  136.80562221 1
115  34.86103126  136.80524108
120 Linear Feature 13
111  34.86510217  136.80423616 1
111  34.86530399  136.80422209 1
111  34.86553823  136.80427710 1
111  34.86573199  136.80436752 1
111  34.86686756  136.80496710 1
111  34.86697016  136.80504978 1
111  34.86702840  136.80515727 1
111  34.86702426  136.80528539 1
111  34.86695314  136.80538180 1
111  34.86686080  136.80543468 1
111  34.86670556  136.80547433 1
111  34.86505250  136.80587731 1
111  34.86489748  136.80588147 1
111  34.86474245  136.80587315 1
112  34.86449804  136.80580656  34.86446613  136.80579136 1
111  34.86300545  136.80516881 1
111  34.86293762  136.80510851 1
111  34.86290019  136.80502123 1
112  34.86290563  136.80489384  34.86292116  136.80486530 1
111  34.86298325  136.80481046 1
111  34.86305555  136.80476884 1
115  34.86510123  136.80423654
120 Linear Feature 12
111  34.86836054  136.80494486 1
111  34.86815714  136.80380482 1
112  34.86810039  136.80368634  34.86809607  136.80367755 1
112  34.86804953  136.80362373  34.86803515  136.80360851 1
111  34.86797651  136.80358646 1
111  34.86791038  136.80357455 1
111  34.86784198  136.80358708 1
111  34.86654840  136.80389848 1
111  34.86649559  136.80393526 1
111  34.86646132  136.80398832 1
111  34.86645283  136.80405218 1
111  34.86646751  136.80411895 1
112  34.86650027  136.80417772  34.86651536  136.80418691 1
115  34.86835887  136.80494583
120 Linear Feature 11
111  34.87216813  136.80254460 1
111  34.87233572  136.80255209 1
111  34.87248730  136.80264583 1
111  34.87254207  136.80276079 1
111  34.87270940  136.80358034 1
111  34.87270636  136.80366934 1
111  34.87268811  136.80380655 1
111  34.87264247  136.80392522 1
111  34.87256284  136.80402584 1
111  34.87245992  136.80407840 1
111  34.86952760  136.80481226 1
111  34.86937424  136.80485563 1
111  34.86926969  136.80484816 1
111  34.86918795  136.80483255 1
111  34.86908112  136.80478813 1
111  34.86899129  136.80471828 1
111  34.86893060  136.80456955 1
111  34.86881782  136.80399654 1
111  34.86880678  136.80387539 1
111  34.86882151  136.80373629 1
111  34.86885832  136.80356130 1
111  34.86893931  136.80343567 1
111  34.86906448  136.80332798 1
111  34.86924288  136.80323558 1
115  34.87216938  136.80254547
120 Linear Feature 10
111  34.87319249  136.80228111 1
111  34.87331404  136.80227913 1
111  34.87339893  136.80231992 1
112  34.87344472  136.80240015  34.87345303  136.80242158 1
111  34.87364055  136.80349394 1
111  34.87363669  136.80359759 1
111  34.87360931  136.80368659 1
111  34.87356976  136.80375334 1
111  34.87349370  136.80381639 1
111  34.87340851  136.80384976 1
111  34.87332636  136.80387201 1
111  34.87323508  136.80387572 1
111  34.87315598  136.80385347 1
111  34.87309981  136.80380526 1
111  34.87304833  136.80370513 1
111  34.87301432  136.80351843 1
111  34.87284565  136.80258891 1
111  34.87284565  136.80250732 1
111  34.87287911  136.80242203 1
112  34.87294301  136.80235899  34.87294605  136.80235899 1
111  34.87306471  136.80231820 1
115  34.87319268  136.80227968
120 Linear Feature 2
111  34.85353805  136.80770112 4
115  34.85389950  136.80815404
120 Linear Feature 5
111  34.87385305  136.80220802 20 105
115  34.87369149  136.80122850
120 Linear Feature 4
111  34.84277135  136.80862957 20 105
115  34.84293127  136.80960314
120 Linear Feature 6
111  34.84416716  136.80990793 4 104
115  34.84460418  136.80979280
120 Linear Feature 9
111  34.87343910  136.80257394 4 104
115  34.87387895  136.80245821
120 Linear Feature 8
111  34.87252231  136.80287512 4 104
115  34.87291216  136.80276011
120 Linear Feature 7
111  34.86819909  136.80411886 4 104
115  34.86887257  136.80393878
120 Linear Feature 6
111  34.86685295  136.80502040 4
115  34.86711309  136.80439667
120 Linear Feature 5
111  34.86310803  136.80585902 4
115  34.86333222  136.80530146
120 Linear Feature 4
111  34.85954027  136.80673687 4
115  34.85975380  136.80621009
120 Linear Feature 3
111  34.85696489  136.80680668 4
115  34.85730932  136.80720012
120 Linear Feature 8
111  34.85006202  136.80835895 4
115  34.85037986  136.80877719
120 Linear Feature 5
111  34.84305487  136.81022618 4 104
115  34.84342959  136.81012429
120 Linear Feature 7
111  34.84840886  136.80902401 4 104
115  34.84893915  136.80881410
120 Linear Feature 17
111  34.85017233  136.81105245 51 101
111  34.86895633  136.80648356 51 101
115  34.87361536  136.80537223
120 Linear Feature 16
111  34.86846125  136.80348994 51 101
111  34.86890453  136.80605717 51 101
111  34.86898703  136.80621167 51 101
111  34.86908612  136.80631620 51 101
111  34.86916695  136.80636638 51 101
111  34.86928975  136.80637774 51 101
115  34.86942233  136.80637890
120 Linear Feature 15
111  34.86523369  136.80385352 51 101
111  34.86850631  136.80535439 51 101
111  34.86867276  136.80545380 51 101
111  34.86882680  136.80575223 51 101
111  34.86890311  136.80605545 51 101
111  34.86895036  136.80638086 51 101
115  34.86917346  136.80775013
120 Linear Feature 12
111  34.85822694  136.80569701 51 101
111  34.86034864  136.80685688 51 101
111  34.86063764  136.80697319 51 101
111  34.86084398  136.80704932 51 101
111  34.86102829  136.80707869 51 101
111  34.86123519  136.80707570 51 101
115  34.86146115  136.80704672
120 Linear Feature 11
111  34.85704957  136.80715427 51 101
111  34.85689210  136.80742989 51 101
111  34.85688066  136.80761468 51 101
111  34.85691180  136.80779441 51 101
111  34.85702012  136.80797150 51 101
111  34.85718491  136.80803824 51 101
115  34.85746651  136.80801035
120 Linear Feature 10
111  34.85821981  136.80571066 51 101
111  34.85648843  136.80785246 51 101
111  34.85623001  136.80814397 51 101
111  34.85584534  136.80841228 51 101
111  34.85564396  136.80868163 51 101
111  34.85555028  136.80900041 51 101
111  34.85551282  136.80938123 51 101
111  34.85557630  136.80985101 51 101
115  34.85596096  136.81202745
120 Linear Feature 9
111  34.85502046  136.80638555 51 101
111  34.85264122  136.80920043 51 101
111  34.85280094  136.81038118 51 101
115  34.85333560  136.81315206
120 Linear Feature 1
111  34.84314287  136.80954366 51 101
111  34.84312110  136.80938782 51 101
111  34.84311294  136.80920545 51 101
111  34.84315376  136.80911593 51 101
111  34.84322179  136.80903967 51 101
111  34.84327349  136.80901646 51 101
115  34.84334153  136.80899988
120 Linear Feature 40
111  34.86470279  136.81073915 21
111  34.86038270  136.81184430 21
111  34.85988741  136.80911466 21
112  34.85624220  136.81004790  34.85624220  136.81007534 21
111  34.85667490  136.81267610 21
115  34.84832653  136.81490733
120 Linear Feature 39
111  34.87614500  136.80642698 21
111  34.86447166  136.80936853 21
115  34.86471231  136.81073861
120 Linear Feature 38
111  34.86137045  136.80873871 21
111  34.86308889  136.80829784 21
111  34.86343096  136.81027094 21
111  34.86173110  136.81072965 21
115  34.86135887  136.80875030
120 Linear Feature 37
111  34.85518603  136.81029446 21
111  34.85345142  136.81073603 21
111  34.85381030  136.81267575 21
111  34.85550714  136.81222841 21
115  34.85517623  136.81029743
120 Linear Feature 8
111  34.85354216  136.81106983 1
111  34.85335979  136.81099515 1
111  34.85313509  136.81103099 1
115  34.85295461  136.81114857
120 Linear Feature 18
111  34.85237349  136.81140185 1
111  34.85256287  136.81120750 1
111  34.85277718  136.81113159 1
115  34.85294912  136.81114981
120 Linear Feature 17
111  34.85298228  136.81131641 1
111  34.85282337  136.81144229 1
111  34.85262105  136.81147462 1
115  34.85237561  136.81140187
120 Linear Feature 16
111  34.85307256  136.81178886 1
111  34.85289849  136.81178264 1
111  34.85270944  136.81185135 1
115  34.85251707  136.81204939
120 Linear Feature 15
111  34.85311083  136.81198327 1
111  34.85294493  136.81209789 1
111  34.85272934  136.81213426 1
115  34.85250380  136.81205343
120 Linear Feature 14
111  34.85318810  136.81238941 1
111  34.85302253  136.81238376 1
111  34.85278954  136.81247061 1
115  34.85263055  136.81264764
120 Linear Feature 13
111  34.85323326  136.81262174 2
111  34.85305350  136.81272495 2
111  34.85280065  136.81276431 2
115  34.85262682  136.81265624
120 Linear Feature 12
111  34.85380144  136.81232635 1
111  34.85367940  136.81251216 1
111  34.85342341  136.81263362 1
115  34.85323395  136.81262204
120 Linear Feature 11
111  34.85380124  136.81232632 1
111  34.85362114  136.81224271 1
111  34.85336404  136.81228590 1
115  34.85318927  136.81238904
120 Linear Feature 10
111  34.85369495  136.81170833 1
111  34.85356681  136.81190110 1
112  34.85331358  136.81198308  34.85330611  136.81198612 1
115  34.85311408  136.81198070
120 Linear Feature 9
111  34.85369459  136.81170756 1
111  34.85351311  136.81162018 1
111  34.85327426  136.81166317 1
115  34.85307994  136.81178866
120 Linear Feature 7
111  34.85354565  136.81106564 1
111  34.85341615  136.81124375 1
111  34.85318527  136.81133774 1
115  34.85298526  136.81131705
120 Linear Feature 36
111  34.85233875  136.81099899 21
111  34.85271479  136.81295087 21
111  34.85091634  136.81345065 21
111  34.85053252  136.81146841 21
115  34.85234064  136.81097987
120 Linear Feature 42
111  34.86361671  136.80861040 51 101
111  34.86371324  136.80880838 51 101
111  34.86383978  136.80894539 51 101
111  34.86396251  136.80899168 51 101
111  34.86414351  136.80900782 51 101
111  34.86399018  136.80910789 51 101
111  34.86389718  136.80924743 51 101
111  34.86384873  136.80938990 51 101
111  34.86382282  136.80956025 51 101
115  34.86382568  136.80971645
120 Linear Feature 40
111  34.87403368  136.80482945 51 101
111  34.87426636  136.80596386 51 101
111  34.87424051  136.80619232 51 101
111  34.87419527  136.80634988 51 101
111  34.87410478  136.80647593 51 101
111  34.87391734  136.80656258 51 101
115  34.86413745  136.80901178
120 Linear Feature 56
111  34.86336328  136.80997352 1
115  34.86292165  136.81009211
120 Linear Feature 55
111  34.86324159  136.80928445 1
115  34.86276954  136.80941964
120 Linear Feature 54
111  34.86310597  136.80863418 1
115  34.86263875  136.80877120
120 Linear Feature 53
111  34.86347153  136.80781441 51 101
115  34.86390712  136.81017670
120 Linear Feature 39
111  34.86336668  136.80997632 1
111  34.86351084  136.81004910 1
111  34.86369207  136.81002651 1
115  34.86386355  136.80993022
120 Linear Feature 38
111  34.86336256  136.80997381 1
111  34.86347995  136.80981819 1
111  34.86364676  136.80974039 1
115  34.86383005  136.80972282
120 Linear Feature 37
111  34.86324315  136.80928550 1
111  34.86340138  136.80935752 1
111  34.86358552  136.80933259 1
115  34.86374209  136.80924375
120 Linear Feature 36
111  34.86324243  136.80928438 1
111  34.86337201  136.80913861 1
111  34.86354893  136.80906876 1
115  34.86370593  136.80905358
120 Linear Feature 35
111  34.86310744  136.80863929 1
111  34.86328187  136.80870914 1
111  34.86346876  136.80868788 1
115  34.86361957  136.80860818
120 Linear Feature 34
111  34.86358339  136.80839026 1
111  34.86342640  136.80839330 1
111  34.86325695  136.80846618 1
115  34.86310245  136.80863625
120 Linear Feature 52
111  34.86173211  136.81041030 1
115  34.86228111  136.81025101
120 Linear Feature 51
111  34.86147400  136.80908879 1
115  34.86202140  136.80893521
120 Linear Feature 50
111  34.86159795  136.80976076 1
115  34.86212615  136.80960816
120 Linear Feature 29
111  34.86147414  136.80908759 1
111  34.86124812  136.80898073 1
111  34.86098287  136.80900420 1
115  34.86076698  136.80912333
120 Linear Feature 33
111  34.86173350  136.81040922 1
111  34.86156360  136.81061352 1
111  34.86130590  136.81073569 1
115  34.86107823  136.81075294
120 Linear Feature 32
111  34.86173047  136.81040975 1
111  34.86149368  136.81032950 1
111  34.86123909  136.81037331 1
115  34.86102730  136.81047178
120 Linear Feature 31
111  34.86159951  136.80976030 1
111  34.86139752  136.80997270 1
111  34.86116097  136.81007324 1
115  34.86095049  136.81007821
120 Linear Feature 30
111  34.86159903  136.80976020 1
111  34.86134225  136.80969677 1
111  34.86110821  136.80973119 1
115  34.86090439  136.80983589
120 Linear Feature 28
111  34.86082589  136.80942126 1
111  34.86105151  136.80941814 1
111  34.86130563  136.80929543 1
115  34.86147535  136.80909027
120 Linear Feature 49
111  34.85093330  136.81314148 1
115  34.85149710  136.81297380
120 Linear Feature 48
111  34.85083718  136.81252123 1
115  34.85139745  136.81235240
120 Linear Feature 47
111  34.85068655  136.81186104 1
115  34.85126591  136.81169186
120 Linear Feature 8
111  34.84821226  136.81026021 51 101
111  34.84847082  136.81022796 51 101
111  34.84863690  136.81022088 51 101
111  34.84876607  136.81023268 51 101
111  34.84891127  136.81029531 51 101
111  34.84904473  136.81038730 51 101
111  34.84919516  136.81074875 51 101
111  34.84936124  136.81103890 51 101
111  34.84959990  136.81119124 51 101
111  34.84990515  136.81128613 51 101
111  34.85005150  136.81138902 51 101
111  34.85015082  136.81161954 51 101
115  34.85051423  136.81344624
120 Linear Feature 20
111  34.87381285  136.80350488 51 101
111  34.87397186  136.80455302 51 101
111  34.87401735  136.80483592 51 101
111  34.87400617  136.80503859 51 101
111  34.87393992  136.80517560 51 101
111  34.87382840  136.80529012 51 101
115  34.87361294  136.80537313
120 Linear Feature 19
111  34.87329578  136.80195956 51 101
111  34.87341049  136.80199034 51 101
111  34.87351955  136.80208909 51 101
111  34.87359952  136.80228215 51 101
112  34.87366084  136.80260035  34.87366084  136.80260682 51 101
111  34.87377669  136.80324185 51 101
112  34.87381534  136.80353884  34.87381534  136.80357184 51 101
111  34.87380243  136.80372868 51 101
111  34.87373377  136.80389249 51 101
111  34.87365136  136.80402083 51 101
115  34.87351404  136.80412476
120 Linear Feature 18
111  34.87264892  136.80249862 51 101
111  34.87284411  136.80345990 51 101
111  34.87287833  136.80370779 51 101
111  34.87288063  136.80386244 51 101
111  34.87286155  136.80396195 51 101
111  34.87282703  136.80406261 51 101
111  34.87277169  136.80417381 51 101
111  34.87268789  136.80426006 51 101
111  34.87259018  136.80431900 51 101
115  34.87233400  136.80440907
120 Linear Feature 7
111  34.84879383  136.80933634 51 101
111  34.84894323  136.80961142 51 101
111  34.84908133  136.80972998 51 101
111  34.84922868  136.80982018 51 101
111  34.84939562  136.80986429 51 101
111  34.84958307  136.80986765 51 101
111  34.84979590  136.80985275 51 101
115  34.85008389  136.80980640
120 Linear Feature 6
111  34.85148189  136.80725382 51 101
111  34.84943965  136.80933688 51 101
111  34.84926086  136.80957372 51 101
111  34.84913468  136.80985830 51 101
111  34.84910343  136.81023831 51 101
115  34.84918054  136.81072199
120 Linear Feature 5
111  34.84849452  136.80830294 51 101
115  34.84928507  136.81110676
120 Linear Feature 3
111  34.84502176  136.81103421 51 101
111  34.84485794  136.81105382 51 101
111  34.84472927  136.81102773 51 101
111  34.84463284  136.81097308 51 101
111  34.84454985  136.81085770 51 101
115  34.84449523  136.81066920
120 Linear Feature 6
111  34.84469147  136.81179951 51 101
111  34.84479287  136.81206353 51 101
111  34.84496928  136.81219463 51 101
115  34.84524687  136.81221510
120 Linear Feature 5
111  34.84425688  136.80929643 51 101
111  34.84449997  136.81066883 51 101
111  34.84458933  136.81113300 51 101
111  34.84464236  136.81147461 51 101
115  34.84468791  136.81179171
120 Linear Feature 3
111  34.84391462  136.81130209 51 101
111  34.84371967  136.81132436 51 101
111  34.84354503  136.81126003 51 101
115  34.84340897  136.81104229
120 Linear Feature 2
111  34.84389958  136.81130361 51 101
115  34.87350996  136.80413093
120 Linear Feature 1
111  34.84313956  136.80955566 51 101
111  34.84356950  136.81200739 51 101
111  34.84374257  136.81237471 51 101
111  34.84394356  136.81246967 51 101
111  34.84420286  136.81246190 51 101
111  34.84848594  136.81145282 51 101
115  34.85017233  136.81104843
120 Linear Feature 14
111  34.86157438  136.80472199 51 101
111  34.86403674  136.80596813 51 101
111  34.86478425  136.80636104 51 101
111  34.86495335  136.80655568 51 101
111  34.86502851  136.80671598 51 101
111  34.86507549  136.80696787 51 101
115  34.86539397  136.80869870
120 Linear Feature 2
112  34.85596310  136.81202946  34.85596310  136.81203733 51 101
112  34.85594976  136.81223593  34.85594154  136.81228055 51 101
111  34.85590665  136.81236174 51 101
111  34.85584063  136.81244648 51 101
112  34.85574929  136.81251601  34.85572877  136.81252789 51 101
112  34.85560112  136.81256508  34.85545868  136.81260254 51 101
112  34.85334113  136.81315881  34.85227702  136.81343220 51 101
111  34.85117482  136.81376132 51 101
111  34.85097784  136.81382243 51 101
111  34.85081862  136.81384191 51 101
111  34.85068800  136.81378508 51 101
111  34.85060160  136.81367815 51 101
111  34.85054888  136.81355964 51 101
115  34.85051348  136.81344481
120 Linear Feature 1
111  34.86390873  136.81017263 51 101
111  34.86391334  136.81029856 51 101
111  34.86388255  136.81040661 51 101
111  34.86380920  136.81049770 51 101
111  34.86369215  136.81056264 51 101
111  34.86152832  136.81114980 51 101
111  34.86137636  136.81117138 51 101
111  34.86123739  136.81113018 51 101
111  34.86114736  136.81101981 51 101
115  34.86109702  136.81086960
120 Linear Feature 13
111  34.85988451  136.80660974 51 101
111  34.86016032  136.80682878 51 101
111  34.86030889  136.80699264 51 101
111  34.86040513  136.80718545 51 101
111  34.86046676  136.80747246 51 101
111  34.86051101  136.80769381 51 101
111  34.86054888  136.80790927 51 101
111  34.86058641  136.80814970 51 101
111  34.86063324  136.80840776 51 101
115  34.86109985  136.81086852
21  34.87089917  136.80324224 2 166.4986 3.0 New Light Fixture 2
21  34.84574210  136.80758482 2 348.6561 3.0 New Light Fixture 1
20  34.84416269  136.81193562 180.0000 0 2 {@L}B1
20  34.84407361  136.81179145 78.1577 0 2 {@L}B1
20  34.84835054  136.80962445 180.0000 0 2 {@L}A3S
20  34.84490257  136.81054443 180.0000 0 2 {@L}A2
20  34.84373104  136.81083752 180.0000 0 2 {@L}A1
20  34.86807575  136.80419894 254.6783 0 2 {@L}A8N{@R}18-36
20  34.86910213  136.80455930 323.9243 0 2 {@L}A8
20  34.87350617  136.80356641 330.0225 0 2 {@L}A10
20  34.87246200  136.80382340 316.2736 0 2 {@L}A9
20  34.87242682  136.80295602 250.1449 0 2 {@L}A9{@R}18
20  34.87336744  136.80265578 257.4713 0 3 {@L}A10{@R}18
20  34.87328979  136.80243667 345.2570 0 3 {@L}A10
20  34.87220002  136.80270508 346.6078 0 3 {@L}A9
20  34.86793991  136.80378370 22.3517 0 3 {@L}A8N
20  34.84491670  136.80928629 166.5755 0 3 {@L}A2
20  34.84912776  136.80832389 166.3669 0 3 {@L}A3S
20  34.84358177  136.80963134 165.9636 0 3 {@L}A1
20  34.86698749  136.80414919 22.3051 0 3 {@L}A8
20  34.86532082  136.80451946 26.5642 0 3 {@L}A8
20  34.86343935  136.80507024 19.4851 0 3 {@L}A7
20  34.86134346  136.80543942 25.2319 0 3 {@L}A7
20  34.85963359  136.80595695 21.8006 0 3 {@L}A6
20  34.85866717  136.80644826 28.8547 0 3 {@L}A6
20  34.85822250  136.80638323 126.8689 0 3 {@L}A5
20  34.85705450  136.80646993 134.9994 0 3 {@L}A5
20  34.85563704  136.80683088 168.9303 0 3 {@L}A4
20  34.85134517  136.80896485 259.2862 0 2 {@R}A-TWY
20  34.85097840  136.81025089 258.1783 0 2 {@R}B-TWY
20  34.86150697  136.80644865 255.5789 0 2 {@R}A-TWY
20  34.86334615  136.80737290 259.6239 0 2 {@R}B-TWY
20  34.87384531  136.80584853 349.2163 0 2 {@L}C10
20  34.87365592  136.80478090 349.6247 0 2 {@L}B10
20  34.87286677  136.80610822 346.9087 0 2 {@L}C9
20  34.85183064  136.80760611 167.3452 0 3 {@L}A3
20  34.85001957  136.80828525 308.7602 0 3 {@L}A3
20  34.84350679  136.81012635 289.9832 0 3 {@L}A1{@R}36
20  34.84298159  136.81026995 222.6743 0 3 {@L}A1{@R}36
20  34.84471428  136.80975803 294.5412 0 3 {@L}A2{@R}36
20  34.84408174  136.80993475 224.5037 0 3 {@L}A2{@R}36
20  34.84325398  136.81192932 229.1096 0 3 {@L}B1
20  34.85609659  136.80896161 85.7490 0 2 {@L}B5
20  34.85487785  136.80921019 259.1338 0 2 {@L}B5
20  34.85343668  136.80958610 76.7919 0 2 {@L}B4
20  34.87268527  136.80499251 350.0007 0 2 {@L}B9
20  34.86987571  136.80683482 79.5785 0 2 {@L}C8
20  34.86843387  136.80717230 262.8745 0 2 {@L}C8
20  34.86958925  136.80574091 77.7343 0 2 {@L}B8
20  34.86816651  136.80604348 262.4049 0 2 {@L}B8
20  34.86594852  136.80779973 79.0942 0 2 {@L}C7
20  34.86462907  136.80813826 257.0047 0 2 {@L}C7
20  34.86564626  136.80664883 76.1839 0 2 {@L}B7
20  34.86435433  136.80698164 260.1335 0 2 {@L}B7
20  34.86203496  136.80754194 79.7484 0 2 {@L}B6N
20  34.86127042  136.80770983 261.0270 0 2 {@L}B6N
20  34.86098475  136.80777551 71.3120 0 2 {@L}B6
20  34.86008480  136.80801271 259.6948 0 2 {@L}B6
20  34.85203035  136.80990353 258.7925 0 2 {@L}B4
20  34.85031173  136.80913438 331.4408 0 2 {@L}A3
20  34.84991763  136.81059908 169.5404 0 2 {@L}B3
20  34.84975104  136.81046176 82.5684 0 2 {@L}B3
20  34.84851503  136.81070009 77.4065 0 2 {@L}B3
20  34.84848558  136.81088849 342.1402 0 2 {@L}B3
20  34.84524101  136.81169665 176.3671 0 2 {@L}B2
20  34.84507230  136.81155110 74.9595 0 3 {@L}B2
20  34.84831531  136.80909274 225.9393 0 3 {@L}A3S{@R}36-18
20  34.84905883  136.80882942 287.1688 0 3 {@L}A3S{@R}36-18
19  34.87173055  136.80354851 0 New Windsock 4
19  34.84603818  136.80964567 0 New Windsock 3
50 12107 ATIS
52 12185 CLD
52 12620 CLD
53 12620 GND
53 12180 GND
54 12620 TWR
54 11885 TWR
55 12105 APP
55 11917 APP
55 12550 RDR
55 11925 TCA
55 12117 TCA
56 12000 DEP
99
